spraaksnelheid_leeftijdsgenoot:
[2.53411306 3.41163311 3.08535179 3.26878145 3.27608142 3.60845295
 3.88173109 3.24244281 3.36105336 3.43027591 3.15972222 3.97676497
 2.97418631 2.2933966  2.29608221 2.43413517 0.1941999  2.78822055
 2.42938702 3.68159204 2.78404816 3.19293478 3.08212192 2.01573255
 2.64616237 3.58152686]

Min:				0.1941998964267219
Max:				3.9767649687220734
Mean:				2.9473127143867432
Median:				3.122537004998078
Standard Deviation:	3.122537004998078

spraaksnelheid_oudere:
[2.54545455 3.10526316 3.16631872 2.95050761 3.62637363 3.8377193
 3.28080058 1.22580645 4.21796626 3.04290496 2.75387263 3.15656566
 3.64900087 3.58841332 3.30163761 2.36051502 2.61780105 2.89210911
 3.07017544 0.02700562 3.1779661  3.49402093 3.42965558 2.95275591
 3.58422939 3.65135453]

Min:				0.02700561716837102
Max:				4.21796625626995
Mean:				3.027161306125037
Median:				3.161442188060142
Standard Deviation:	3.161442188060142

Diff:				0.07984859173829362

====================================

geluidsniveau_leeftijdsgenoot:
[67.1596897  72.13340485 75.55206169 73.73062042 68.62906111 70.92700587
 22.35973872 70.27280316 72.55544731 68.43760749 66.37603087 73.2720192
 70.71732336 77.39730466 69.2826553  53.83219522 70.73876802 26.98124048
 67.51421089 33.69667711 64.93402836 70.80880362 66.28516398 71.7269383
 65.55241189 69.1615745  69.46041618]

Min:				22.359738723290754
Max:				77.39730466106373
Mean:				64.79611860259325
Median:				69.28265529735256
Standard Deviation:	69.28265529735256


geluidsniveau_oudere:
[67.95544079 71.74654294 76.02065238 72.25571846 71.46640098 73.82897963
 71.93342324 66.54933827 71.65676716 73.16463995 67.87390318 70.27962426
 71.42959052 74.34571003 78.20537905 73.26425731 63.05791488 70.78004381
 71.39441059 26.94815196 66.43279953 37.50263069 65.52792362 71.88563212
 73.81594081 71.69954077 70.67890026]

Min:				26.9481519564707
Max:				78.20537905272917
Mean:				68.21112063542077
Median:				71.46640097760809
Standard Deviation:	71.46640097760809

Diff:				3.415002032827516

====================================

toonhoogte_leeftijdsgenoot:
[175.84076428 237.7794929  178.86826922 221.37097491 170.19991924
 116.53539137 273.17661489 197.37770021 191.26961658 124.10054602
 111.46694305 195.05280593 168.81265141 116.81691825 213.89234843
 188.74369913 437.08859052 223.81613234  98.05654357 164.55307133
 115.63487115 223.8856882  248.9835893   89.68157841 176.24632014
 255.7414839 ]

Min:				89.68157841173189
Max:				437.08859052266735
Mean:				189.0381740263489
Median:				183.805984176958
Standard Deviation:	183.805984176958


toonhoogte_oudere:
[191.81978157 251.99012843 179.59902041 248.1208856  130.7674009
 170.31214753 269.459374   237.22684639 330.39412588 215.94704685
 196.88933761 150.18380416 213.85245514 129.553227   177.87686779
 133.71207972 161.07921492 194.76177176 205.57657019 487.70230241
 308.88988177 160.96075316 133.82786882 103.06653715 207.66142578
 297.5221374 ]

Min:				103.0665371462931
Max:				487.70230240838305
Mean:				211.1058843202275
Median:				195.82555468670762
Standard Deviation:	195.82555468670762

Diff:				22.067710293878577
